                             <<상품별 판매 이익금 및 이익율표>>                                  
-------------------------------------------------------------------------------------------
상품명            수량         판매단가         매입단가         운송료        이익금         이익율
-------------------------------------------------------------------------------------------
PAPER      26,500  2,340  1,200  1,100     30,208,900     95.00

DISKETTE    6,000  5,500  3,400  5,000     12,595,000     61.74

FILE       16,000  3,000  2,500  2,000      7,998,000     19.99

NOTEBOOK   36,000  5,000  4,700  2,000     10,798,000      6.38

BOOKS      26,000  2,000  1,900  4,000      2,596,000      5.26

BOLPEN     76,000  3,000  2,900  3,000      7,597,000      3.45

PENCIL     56,000  5,100  5,000  3,000      5,597,000      2.00

